# Folder names


# Parameters
#############

# Model parameters
model_folder_names <- c("BGY-E1-C4-I20000-A0.9-T12-F25-V0") # sanity check

# model_folder_names <- c(
#     "BGY-E0-C4-I8000-A0.8-T12-F50-V50",
#     "BGY-E1-C4-I8000-A0.8-T12-F50-V50",
#     "BGY-E2-C4-I8000-A0.8-T12-F50-V50",

#     "BGY-E0-C4-I8000-A0.8-T12-F25-V0",
#     "BGY-E1-C4-I8000-A0.8-T12-F25-V0",
#     "BGY-E2-C4-I8000-A0.8-T12-F25-V0",

#     "BMY-E0-C4-I8000-A0.8-T12-F25-V0",
#     "FAM-E0-C4-I8000-A0.8-T12-F25-V0",
#     "HAL-E0-C4-I8000-A0.8-T12-F25-V0",
#     "LTY-E0-C4-I8000-A0.8-T12-F25-V0",

#     "BMY-E1-C4-I8000-A0.8-T12-F25-V0",
#     "FAM-E1-C4-I8000-A0.8-T12-F25-V0",
#     "HAL-E1-C4-I8000-A0.8-T12-F25-V0",
#     "LTY-E1-C4-I8000-A0.8-T12-F25-V0",

#     "BMY-E2-C4-I8000-A0.8-T12-F25-V0",
#     "FAM-E2-C4-I8000-A0.8-T12-F25-V0",
#     "HAL-E2-C4-I8000-A0.8-T12-F25-V0",
#     "LTY-E2-C4-I8000-A0.8-T12-F25-V0"
# )
