# Folder names


# Parameters
#############

# Model parameters
model_folder_names <- c(
    "BGY-E0-C4-I8000-A0.8-T12-F25-V0"
    # "BGY-E1-C4-I8000-A0.8-T12-F25-V0",
    # "BGY-E2-C4-I8000-A0.8-T12-F25-V0"
) # fast run