# Folder names


# Parameters
#############

# Model parameters

model_folder_names <- c(
    # "BGY-E0-C4-I8000-A0.8-T12-F10-V0",
    "LTY-E0-C4-I8000-A0.8-T12-F25-V0",
    "LTY-E1-C4-I20000-A0.99-T12-F25-V0",
    "LTY-E2-C4-I100000-A0.99-T12-F25-V0"
) # sanity check

######################## 2020-08-31-v2 data ####################################

# model_folder_names <- c( # best models
#     "BGY-E0-C4-I8000-A0.8-T12-F25-V0",
#     "BGY-E1-C4-I20000-A0.9-T12-F25-V0",
#     "BGY-E2-C4-I8000-A0.8-T12-F25-V0",

#     "FAM-E0-C4-I8000-A0.8-T12-F25-V0",
#     "FAM-E1-C4-I100000-A0.9-T12-F25-V0",
#     "FAM-E2-C4-I8000-A0.8-T12-F25-V0",

#     "LTY-E0-C4-I8000-A0.8-T12-F25-V0",
#     "LTY-E1-C4-I20000-A0.99-T12-F25-V0",
#     "LTY-E2-C4-I100000-A0.99-T12-F25-V0"
# )

######################## 2019-06-19-v1 data ####################################

# model_folder_names <- c( # best models
#     "BGN-E1-C4-I300000-A0.999-T15",
#     "BGY-E0-C4-I8000-A0.8-T12",
#     "BGY-E1-C4-I300000-A0.999-T15",
#     "FAM-E0-C4-I20000-A0.99-T12")

# model_folder_names <- c( # almost there
#     "BGN-E1-C4-I8000-A0.9-T12",
#     "BMY-E0-C4-I8000-A0.95-T12",
#     "BNN-E0-C4-I8000-A0.95-T12",
#     "BNN-E1-C4-I8000-A0.95-T12")

################# Models to run when starting ##################################

# model_folder_names <- c( # models to run
#     "BGY-E0-C4-I8000-A0.8-T12-F50-V50",
#     "BGY-E1-C4-I8000-A0.8-T12-F50-V50",
#     "BGY-E2-C4-I8000-A0.8-T12-F50-V50",

#     "BGY-E0-C4-I8000-A0.8-T12-F25-V0",
#     "BGY-E1-C4-I8000-A0.8-T12-F25-V0",
#     "BGY-E2-C4-I8000-A0.8-T12-F25-V0",

#     "BMY-E0-C4-I8000-A0.8-T12-F25-V0",
#     "FAM-E0-C4-I8000-A0.8-T12-F25-V0",
#     "HAL-E0-C4-I8000-A0.8-T12-F25-V0",
#     "LTY-E0-C4-I8000-A0.8-T12-F25-V0",

#     "BMY-E1-C4-I8000-A0.8-T12-F25-V0",
#     "FAM-E1-C4-I8000-A0.8-T12-F25-V0",
#     "HAL-E1-C4-I8000-A0.8-T12-F25-V0",
#     "LTY-E1-C4-I8000-A0.8-T12-F25-V0",

#     "BMY-E2-C4-I8000-A0.8-T12-F25-V0",
#     "FAM-E2-C4-I8000-A0.8-T12-F25-V0",
#     "HAL-E2-C4-I8000-A0.8-T12-F25-V0",
#     "LTY-E2-C4-I8000-A0.8-T12-F25-V0"
# )
